 customer_id | total_spent | percentile 
-------------+-------------+------------
           4 |       81.78 |         90
          48 |       76.83 |         93
          61 |       58.86 |         99
          70 |       80.82 |         90
          76 |       77.77 |         93
          94 |       79.79 |         92
          95 |       77.82 |         93
          97 |       58.82 |        100
         110 |       59.86 |         99
         117 |       71.81 |         96
         124 |       73.82 |         95
         136 |       62.85 |         99
         159 |       68.79 |         98
         162 |       71.80 |         97
         164 |       66.84 |         98
         177 |       71.77 |         97
         183 |       76.77 |         94
         191 |       74.80 |         94
         205 |       80.82 |         91
         218 |       67.82 |         98
         223 |       80.83 |         90
         224 |       76.78 |         93
         243 |       82.76 |         90
         248 |       50.85 |        100
         250 |       73.80 |         95
         252 |       64.78 |         99
         255 |       70.82 |         97
         271 |       68.82 |         98
         281 |       50.86 |        100
         288 |       80.76 |         91
         318 |       52.88 |        100
         320 |       71.80 |         97
         335 |       78.77 |         93
         344 |       73.82 |         95
         350 |       73.77 |         96
         353 |       72.82 |         96
         355 |       72.80 |         96
         358 |       80.79 |         91
         370 |       70.81 |         97
         378 |       71.81 |         96
         395 |       57.81 |        100
         398 |       78.84 |         92
         401 |       74.78 |         95
         402 |       79.80 |         92
         411 |       80.74 |         91
         413 |       75.79 |         94
         420 |       79.79 |         92
         428 |       78.80 |         92
         430 |       79.78 |         92
         458 |       66.81 |         98
         464 |       73.84 |         95
         465 |       69.83 |         97
         492 |       65.84 |         99
         514 |       74.78 |         95
         521 |       80.77 |         91
         525 |       74.81 |         94
         527 |       81.76 |         90
         530 |       76.77 |         94
         543 |       82.78 |         90
         548 |       79.81 |         91
         549 |       77.80 |         93
         555 |       74.83 |         94
         557 |       73.76 |         96
         568 |       66.79 |         98
         586 |       64.81 |         99
(65 rows)

